¹	poin	H_g_p	L_1_l	H_1_l	L_2_l	H_2_l	L_v_ok	Y_v_ok	L_vn_ok	H_vn_ok	H_t	H_p
1	Ã	4.5	8.4	1	7.6	0.6	1.9	0.7	2	1	1.2	1
2	Ã	4.2	7.4	0.9	7	0.6	2.4	0.8	2.3	1.1	1.3	1.2
3	Ã	5.8	10.2	1.1	9.3	0.7	2.9	0.8	2.9	1.1	1.9	1.3
4	Ã	4.7	8.5	1.1	7.6	0.9	2.2	0.7	2.3	1.1	1.6	1.4
5	Ã	4.3	7.7	1.2	7.9	0.7	2.5	0.8	2.4	1.2	1.3	1.2
6	Ã	6	8.5	1	8	0.6	2.3	0.7	2.7	1	1.6	1.4
7	Ã	2.7	8.5	0.9	7	0.7	2.3	0.6	2.4	1	1.8	1.2
8	Ã	4.1	7	0.6	5.8	0.5	2	0.5	2.1	0.7	1.3	0.8
9	Ã	6.1	8.5	0.8	8	0.6	2.1	0.6	2.2	0.9	1.3	0.9
10	Ã	6.8	11	1.1	10	0.7	2.7	0.9	2.8	1.6	1.7	1.6
11	Ã	4.6	8.5	1	8.2	0.6	2.1	0.7	1.9	1	1.1	0.6
12	Ã	4	8.5	0.6	7.1	0.4	1.9	0.5	2	0.8	1.3	1
13	Ã	4.3	7.8	0.9	7.6	0.7	1.8	0.6	1.9	0.8	1.4	1.2
14	Ã	5	8.4	0.7	8.3	0.5	2.4	0.7	2.2	0.9	1.3	0.7
15	Ã	5.3	10.3	1.1	8.7	0.7	1.9	0.6	2	0.7	1.2	0.8
16	È	12.5	14.2	1.7	11.7	0.9	2.5	0.5			1.6	
17	È	14.8	12.5	1.1	12	0.7	2.7	0.4			1.4	
18	È	13.8	12.3	1	12	0.8	2.3	0.4			1.6	
19	È	7.5	11.3	1	10.8	0.7	1.8	0.3			1.1	
20	È	9	12.5	1.6	11.6	0.9	2.3	0.5			1.8	
21	È	6.4	14.2	1.7	12.7	0.8	1.9	0.4			1.9	
22	È	8.5	14.7	1.7	11.4	0.9	2.3	0.6			1.6	
23	È	7.5	12	1.6	11.2	0.9	2.2	0.5	2	0.7	1.9	
24	È	7	11.5	1.1	9.2	0.8	2.4	0.6			1.3	
25	È	6.5	10	1.1	9.6	0.7	1.9	0.5			1.2	
26	È	9	12.6	1.7	12	1.1	2.5	0.7			1.2	
27	È	12.3	14	1.1	12.3	0.9	2.4	0.7			1.3	
28	È	9.2	11.3	1	10.5	0.8	2	0.5			1.3	
29	È	6	10.3	1.3	10	0.7	2	0.4			1.2	
30	È	12.3	12.5	1	12	0.7	2.4	0.5			1.3	
31	Ë	4	11.2	1.3	10.5	0.8	2	0.4			1.2	0.5
32	Ë	12.5	13	1.1	11.8	0.7	3				1.6	
33	Ë	8	15	1.5	14.5	0.9	2.5	0.6	2.4	0.4	1.6	1.1
34	Ë	15	18.5	1.9	17	1.1	3	1	2.9	1	1.6	1.4
35	Ë	6.8	11	1.1	10.7	0.7	2.2	0.6			0.8	1.2
36	Ë	5.5	10.5	1.1	9.5	0.7	2.2	0.6	2.4		1.2	
37	Ë	5.5	10.4	0.9	9	0.6	2	0.6	2		1.2	
38	Ë	5.4	11	1	10.5	0.6	2.5	0.6			1.4	
39	Ë	6	11	1.2	9.5	0.7	2.5	0.6	2.4		1.5	1.1
40	Ë	6.3	11	0.9	9.8	0.6	2	0.5	1.9		1.4	
41	Ë	4	9	1.1	8	0.6	2	0.5			1.1	
42	Ë	4	10.5	1	9	0.5	1.8	0.5			1.5	
43	Ë	7.5	14	1.2	11	0.7	2.5	0.7	2.6	0.9	1.5	1.2
44	Ë	5.5	10.3	1.1	9	0.8	2.1	0.6	2	0.8	1.5	1.2
45	Ë	10.8	14.5	1.4	14	0.9	3	0.8	2.9	1.1	1.7	1.5
46	Ë	8	10.5	1.2	10.2	0.7	2.4	0.8	2.5	1.1	1.7	1.3
47	Ë	8	11	1.3	10.5	0.8	2.5	0.7	2.4	0.9	1.6	1.3
48	Ë	5.5	12.7	1.3	11.4	1	2.4	0.8	2.3	1.1	1.6	1.4
49	Ë	3	12	1.2	10.5	0.9	1.9	0.7	1.8	0.9	1.1	0.6
50	Ë	7	11.5	1.8	11.4	1.1	2.5	0.8	2.3	1.2	1.5	1.2
51	Ë	10	12.5	1.6	12.1	1	2.4	0.9	2.4	1.3	1.4	1.3
52	Ë	5.5	13.2	1.4	12.4	0.9	2.4	0.8	2.3	1.1	1.3	0.8
53	Ë	9	10.5	1.1	9.3	0.7	2.3	0.7	2.2	0.9	1.5	1.3
54	Ë	11	15.5	1.2	14	0.8	2.3	0.8	2.3	1.8	1.4	1.2
55	Ë	11	17	1.3	16.2	0.8	2.9	0.7	2.8	1.2	1.5	0.9
56	Î	6.2	9.4	0.7	8.8	0.6	2.2	0.6	2.1	0.9	0.7	1.4
57	Î	9.3	12.7	1.2	11.7	0.9	2.9	0.7	2.8	1.1	1	1.3
58	Î	9.2	12.3	0.9	11.5	0.7	2.9	0.7	2.7	0.8	1.9	2
59	Î	6	10	1	9.4	0.7	2.1	0.6	2	0.9	1	1.3
60	Î	5.6	9.2	0.7	8.2	0.4	2.3	0.6	2.3	0.7	1.1	1.2
61	Î	2.6	9.5	0.7	8.8	0.5	1.9	0.5	1.8	0.7	0.7	1.3
62	Î	5	10.3	1.3	8.5	0.8	2.1	0.7	2.1	0.8	0.9	1.6
63	Î	3.8	10.5	1.7	10	0.5	2	0.5	1.9	0.8	0.8	1.2
64	Î	4.7	10	0.6	8.5	0.4	2.1	0.6	1.9	0.8	0.8	1.1
65	Î	6.2	11	0.8	9.2	0.5	2.5	0.6	2.3	0.9	1	1.4
66	Î	6	12.3	1	11.4	0.6	2.3	0.7	2.3	1.1	0.7	1.3
67	Î	4.3	10	1.2	8.6	0.7	2.3	0.6	2.2	1	1.2	1.5
68	Î	5	11.5	1.1	10.5	0.7	2.5	0.8	2.3	1	0.6	1.1
69	Î	7	10.4	0.8	8.8	0.5	2.4	0.6	2.2	0.8	1	1.3
70	Î	7	9.5	1.1	8.7	0.7	2.1	0.7	2.1	0.8	1	1.2
71	Õ	7.4	12.2	1.2	10.9	0.8	1.9	0.6			1.3	
72	Õ	8.3	13.3	1.2	11.9	0.8	2	0.6			1.2	
73	Õ	6.2	8.9	0.9	7.9	0.6	2				1.3	
74	Õ	10	15.6	1.1	14	0.8	2.4	0.6			1.5	
75	Õ	7	12.1	1.2	10.4	0.9	2	0.5			1.2	
76	Õ	5	9.5	0.8	8.5	0.6	2	0.5			1.2	0.9
77	Õ	6	7.6	0.6	6.8	0.5	1.9	0.4			1.1	0.9
78	Õ	12	9.3	0.9	9	0.8	2.2	0.5			1.3	
79	Õ	9.7	8.7	1.2	7.7	0.8	2.2	0.6			1.4	
80	Õ	5	9	0.8	8	0.6	1.8	0.4			1.1	
81	Õ	7.5	11.2	1	10	0.6	2.4	0.5			1.3	
82	Õ	7.5	12	1	11.2	0.6	1.9	0.6			1.2	
83	Õ	5.7	9	0.6	8	0.5	1.9	0.5	1.8		1.2	
84	Õ	5.3	9	0.8	7.5	0.6	1.7	0.4			1.1	
85	Õ	6.8	12	1.2	10	0.6	1.9	0.4	1.8		1.1	
86	Á		9.3	1.1	8.8	0.7						
87	Á		11.5	1.2	10	0.8						
88	Á		11.5	1.4	9.5	1						
89	Á		10.8	1	10	0.7						
90	Á		11	1	9.2	0.6						
91	Á		12.5	1.2	9	0.7						
92	Á	3.5	9.2	1	7.5	0.6						
93	Á	4.5	9.5	1.1	8.5	0.8						
94	Á		10	1.1	9.5	0.8						
95	Á	1.5	10.5	1.3	9.5	0.9						
96	Á		11	1.4	10	0.9						
97	Á	5.3	11	1	11.2	0.7						
98	Á		10	0.9	9	0.6						
99	Á	6.8	15	1.2	13.5	0.9						
100	Á		16.2	1.5	15	1.1						
